{
  "nbformat": 4,
  "nbformat_minor": 0,
  "metadata": {
    "colab": {
      "provenance": [],
      "authorship_tag": "ABX9TyM25tfDKevFEI+UFrdsPj9j",
      "include_colab_link": true
    },
    "kernelspec": {
      "name": "python3",
      "display_name": "Python 3"
    },
    "language_info": {
      "name": "python"
    }
  },
  "cells": [
    {
      "cell_type": "markdown",
      "metadata": {
        "id": "view-in-github",
        "colab_type": "text"
      },
      "source": [
        "<a href=\"https://colab.research.google.com/github/zumermalik/jeavily-market-protocol/blob/main/Jeavily_Core_Engine.ipynb\" target=\"_parent\"><img src=\"https://colab.research.google.com/assets/colab-badge.svg\" alt=\"Open In Colab\"/></a>"
      ]
    },
    {
      "cell_type": "code",
      "execution_count": 1,
      "metadata": {
        "colab": {
          "base_uri": "https://localhost:8080/"
        },
        "id": "cv_r1GSjPqQ9",
        "outputId": "e1090499-9019-4022-b78b-16f7a284fdbf"
      },
      "outputs": [
        {
          "output_type": "stream",
          "name": "stdout",
          "text": [
            "Requirement already satisfied: pandas in /usr/local/lib/python3.12/dist-packages (2.2.2)\n",
            "Requirement already satisfied: numpy in /usr/local/lib/python3.12/dist-packages (2.0.2)\n",
            "Requirement already satisfied: scipy in /usr/local/lib/python3.12/dist-packages (1.16.3)\n",
            "Requirement already satisfied: plotly in /usr/local/lib/python3.12/dist-packages (5.24.1)\n",
            "Requirement already satisfied: requests in /usr/local/lib/python3.12/dist-packages (2.32.4)\n",
            "Requirement already satisfied: python-dateutil>=2.8.2 in /usr/local/lib/python3.12/dist-packages (from pandas) (2.9.0.post0)\n",
            "Requirement already satisfied: pytz>=2020.1 in /usr/local/lib/python3.12/dist-packages (from pandas) (2025.2)\n",
            "Requirement already satisfied: tzdata>=2022.7 in /usr/local/lib/python3.12/dist-packages (from pandas) (2025.3)\n",
            "Requirement already satisfied: tenacity>=6.2.0 in /usr/local/lib/python3.12/dist-packages (from plotly) (9.1.2)\n",
            "Requirement already satisfied: packaging in /usr/local/lib/python3.12/dist-packages (from plotly) (25.0)\n",
            "Requirement already satisfied: charset_normalizer<4,>=2 in /usr/local/lib/python3.12/dist-packages (from requests) (3.4.4)\n",
            "Requirement already satisfied: idna<4,>=2.5 in /usr/local/lib/python3.12/dist-packages (from requests) (3.11)\n",
            "Requirement already satisfied: urllib3<3,>=1.21.1 in /usr/local/lib/python3.12/dist-packages (from requests) (2.5.0)\n",
            "Requirement already satisfied: certifi>=2017.4.17 in /usr/local/lib/python3.12/dist-packages (from requests) (2026.1.4)\n",
            "Requirement already satisfied: six>=1.5 in /usr/local/lib/python3.12/dist-packages (from python-dateutil>=2.8.2->pandas) (1.17.0)\n",
            "⚡ Jeavily Environment Initialized.\n"
          ]
        }
      ],
      "source": [
        "# !pip install pandas numpy scipy plotly requests\n",
        "!pip install pandas numpy scipy plotly requests\n",
        "print(\"⚡ Jeavily Environment Initialized.\")"
      ]
    },
    {
      "cell_type": "code",
      "source": [
        "# --- MASTER PROTOCOL: JEAVILY ENGINE (GHOST MODE) ---\n",
        "import pandas as pd\n",
        "import numpy as np\n",
        "import plotly.express as px\n",
        "import plotly.graph_objects as go\n",
        "from scipy.stats import zscore\n",
        "from datetime import datetime, timedelta\n",
        "\n",
        "# ==========================================\n",
        "# 1. THE INGESTION ENGINE (SIMULATION LAYER)\n",
        "# ==========================================\n",
        "class JeavilyLoader:\n",
        "    def fetch_markets(self, limit=50):\n",
        "        print(f\"👻 Ghost Mode: Synthesizing {limit} High-Signal Markets...\")\n",
        "        return self._generate_ghost_data(limit)\n",
        "\n",
        "    def _generate_ghost_data(self, limit):\n",
        "        # Define high-impact narratives for the simulation\n",
        "        tickers = [\n",
        "            \"FED_RATE_HIKE\", \"GPT5_RELEASE\", \"ELON_MARS_TWEET\",\n",
        "            \"US_RECESSION\", \"TAYLOR_SWIFT_TOUR\", \"OIL_PRICE_SURGE\",\n",
        "            \"CHINA_TAIWAN_CONFLICT\", \"BITCOIN_100K\", \"CANCER_CURE_FDA\",\n",
        "            \"HOUSING_CRASH\"\n",
        "        ]\n",
        "\n",
        "        market_data = {}\n",
        "        # Create timestamps for the last 30 days (Hourly resolution)\n",
        "        dates = pd.date_range(end=datetime.now(), periods=720, freq='h')\n",
        "\n",
        "        # Global \"Anxiety\" Variable (Hidden Factor driving entanglement)\n",
        "        # This simulates a macro trend affecting all markets differently\n",
        "        global_anxiety = np.cumsum(np.random.normal(0, 1, 720))\n",
        "\n",
        "        for t in tickers:\n",
        "            # Beta: How sensitive is this market to global anxiety?\n",
        "            beta = np.random.uniform(-1.5, 1.5)\n",
        "\n",
        "            # Idiosyncratic Noise: Random events specific to this market\n",
        "            noise = np.cumsum(np.random.normal(0, 0.5, 720))\n",
        "\n",
        "            # Synthesize Price Path\n",
        "            price_path = 50 + (global_anxiety * beta) + noise\n",
        "\n",
        "            # Normalize to Probability Space (0.01 - 0.99)\n",
        "            price_path = (price_path - price_path.min()) / (price_path.max() - price_path.min())\n",
        "            price_path = price_path * 0.8 + 0.1 # Keep within realistic bounds\n",
        "\n",
        "            df = pd.DataFrame({\n",
        "                'timestamp': dates,\n",
        "                'probability': price_path,\n",
        "                'ticker': t\n",
        "            })\n",
        "            market_data[t] = df\n",
        "\n",
        "        print(f\"✅ JEAVILY DATA: {len(tickers)} Markets Online.\")\n",
        "        return market_data\n",
        "\n",
        "# ==========================================\n",
        "# 2. THE ENTROPY ENGINE (MATH LAYER)\n",
        "# ==========================================\n",
        "class JeavilyEngine:\n",
        "    @staticmethod\n",
        "    def compute_entanglement_matrix(df_dict):\n",
        "        \"\"\"\n",
        "        Aligns disparate time-series and calculates the\n",
        "        Pearson Correlation Coefficient matrix.\n",
        "        \"\"\"\n",
        "        combined = pd.DataFrame()\n",
        "        for ticker, df in df_dict.items():\n",
        "            combined[ticker] = df.set_index('timestamp')['probability']\n",
        "\n",
        "        # Calculate Correlation\n",
        "        corr_matrix = combined.corr()\n",
        "        return corr_matrix, combined\n",
        "\n",
        "    @staticmethod\n",
        "    def detect_shocks(series, threshold=3.0):\n",
        "        \"\"\"\n",
        "        Calculates Volatility Z-Scores.\n",
        "        Returns boolean mask for 3-Sigma Events (Shocks).\n",
        "        \"\"\"\n",
        "        # Calculate percent change to normalize price levels\n",
        "        pct_change = series.pct_change().fillna(0)\n",
        "\n",
        "        # Calculate Z-Score of the volatility\n",
        "        z_scores = np.abs(zscore(pct_change))\n",
        "\n",
        "        return z_scores > threshold\n",
        "\n",
        "# ==========================================\n",
        "# 3. EXECUTION PIPELINE\n",
        "# ==========================================\n",
        "\n",
        "# A. Load Data\n",
        "loader = JeavilyLoader()\n",
        "market_data = loader.fetch_markets()\n",
        "\n",
        "# B. Process Math\n",
        "engine = JeavilyEngine()\n",
        "corr_matrix, combined_prices = engine.compute_entanglement_matrix(market_data)\n",
        "\n",
        "# C. Render \"The Entanglement Map\" (Heatmap)\n",
        "fig_heatmap = px.imshow(\n",
        "    corr_matrix,\n",
        "    text_auto=\".2f\",\n",
        "    aspect=\"auto\",\n",
        "    color_continuous_scale='RdBu_r', # Red (Inverse) to Blue (Direct)\n",
        "    title=\"JEAVILY PROTOCOL: Market Entanglement Map\"\n",
        ")\n",
        "fig_heatmap.update_layout(\n",
        "    template=\"plotly_dark\",\n",
        "    font=dict(family=\"Courier New, monospace\"),\n",
        "    paper_bgcolor='rgba(0,0,0,0)',\n",
        "    margin=dict(l=10, r=10, t=50, b=10)\n",
        ")\n",
        "\n",
        "# D. Render \"Volatility Shock\" (Line Chart)\n",
        "lead_ticker = \"FED_RATE_HIKE\" # The primary narrative to visualize\n",
        "lead_data = combined_prices[lead_ticker]\n",
        "shocks = engine.detect_shocks(lead_data)\n",
        "\n",
        "fig_shock = go.Figure()\n",
        "\n",
        "# Main Price Line\n",
        "fig_shock.add_trace(go.Scatter(\n",
        "    x=combined_prices.index, y=lead_data,\n",
        "    mode='lines', name=lead_ticker,\n",
        "    line=dict(color='#00F0FF', width=2) # Cyan\n",
        "))\n",
        "\n",
        "# Overlay 3-Sigma Shocks\n",
        "shock_dates = combined_prices.index[shocks]\n",
        "shock_values = lead_data[shocks]\n",
        "\n",
        "fig_shock.add_trace(go.Scatter(\n",
        "    x=shock_dates, y=shock_values,\n",
        "    mode='markers', name='3σ Shock Event',\n",
        "    marker=dict(color='#FF0055', size=12, symbol='x') # Red X\n",
        "))\n",
        "\n",
        "fig_shock.update_layout(\n",
        "    template=\"plotly_dark\",\n",
        "    title=f\"Volatility Z-Score Analysis: {lead_ticker}\",\n",
        "    yaxis_title=\"Implied Probability\",\n",
        "    font=dict(family=\"Courier New, monospace\"),\n",
        "    paper_bgcolor='rgba(0,0,0,0)',\n",
        "    legend=dict(yanchor=\"top\", y=0.99, xanchor=\"left\", x=0.01)\n",
        ")\n",
        "\n",
        "# DISPLAY DASHBOARD\n",
        "fig_heatmap.show()\n",
        "fig_shock.show()"
      ],
      "metadata": {
        "colab": {
          "base_uri": "https://localhost:8080/",
          "height": 1000
        },
        "id": "pghz5a_7P3zL",
        "outputId": "a3660e3c-ddb9-46d7-917c-a767493b7202"
      },
      "execution_count": 2,
      "outputs": [
        {
          "output_type": "stream",
          "name": "stdout",
          "text": [
            "👻 Ghost Mode: Synthesizing 50 High-Signal Markets...\n",
            "✅ JEAVILY DATA: 10 Markets Online.\n"
          ]
        },
        {
          "output_type": "display_data",
          "data": {
            "text/html": [
              "<html>\n",
              "<head><meta charset=\"utf-8\" /></head>\n",
              "<body>\n",
              "    <div>            <script src=\"https://cdnjs.cloudflare.com/ajax/libs/mathjax/2.7.5/MathJax.js?config=TeX-AMS-MML_SVG\"></script><script type=\"text/javascript\">if (window.MathJax && window.MathJax.Hub && window.MathJax.Hub.Config) {window.MathJax.Hub.Config({SVG: {font: \"STIX-Web\"}});}</script>                <script type=\"text/javascript\">window.PlotlyConfig = {MathJaxConfig: 'local'};</script>\n",
              "        <script charset=\"utf-8\" src=\"https://cdn.plot.ly/plotly-2.35.2.min.js\"></script>                <div id=\"b05fc1c3-f776-4b90-8f18-7a321ead8cd9\" class=\"plotly-graph-div\" style=\"height:525px; width:100%;\"></div>            <script type=\"text/javascript\">                                    window.PLOTLYENV=window.PLOTLYENV || {};                                    if (document.getElementById(\"b05fc1c3-f776-4b90-8f18-7a321ead8cd9\")) {                    Plotly.newPlot(                        \"b05fc1c3-f776-4b90-8f18-7a321ead8cd9\",                        [{\"coloraxis\":\"coloraxis\",\"name\":\"0\",\"texttemplate\":\"%{z:.2f}\",\"x\":[\"FED_RATE_HIKE\",\"GPT5_RELEASE\",\"ELON_MARS_TWEET\",\"US_RECESSION\",\"TAYLOR_SWIFT_TOUR\",\"OIL_PRICE_SURGE\",\"CHINA_TAIWAN_CONFLICT\",\"BITCOIN_100K\",\"CANCER_CURE_FDA\",\"HOUSING_CRASH\"],\"y\":[\"FED_RATE_HIKE\",\"GPT5_RELEASE\",\"ELON_MARS_TWEET\",\"US_RECESSION\",\"TAYLOR_SWIFT_TOUR\",\"OIL_PRICE_SURGE\",\"CHINA_TAIWAN_CONFLICT\",\"BITCOIN_100K\",\"CANCER_CURE_FDA\",\"HOUSING_CRASH\"],\"z\":[[1.0,0.769367999683869,0.0775256129790945,-0.9137912748518394,0.8762958047216163,0.9708944222482935,0.974956279407019,-0.03259523118764615,-0.7320803853970216,0.8701951680613789],[0.769367999683869,1.0,-0.2678809107209704,-0.6931057093575678,0.5477350985974514,0.7753856189386471,0.7649190065196217,-0.2310155016375064,-0.711229570387081,0.6564292188891458],[0.0775256129790945,-0.2678809107209704,1.0,0.16437680404341673,0.3635927746142659,-0.02824186020010961,-0.03823439848174714,0.8589472792572838,0.34658853726322414,-0.013422061467713655],[-0.9137912748518394,-0.6931057093575678,0.16437680404341673,1.0,-0.7716689878054366,-0.9552912508936029,-0.9394911046387976,0.24120712482537918,0.7396916887536394,-0.8055549419629632],[0.8762958047216163,0.5477350985974514,0.3635927746142659,-0.7716689878054366,1.0,0.8676521788804975,0.8063017851767977,0.32289962070790434,-0.38833719816133205,0.6632757892982089],[0.9708944222482935,0.7753856189386471,-0.02824186020010961,-0.9552912508936029,0.8676521788804975,1.0,0.9713560443125586,-0.08460565018713527,-0.7133561765079713,0.8108307969751349],[0.974956279407019,0.7649190065196217,-0.03823439848174714,-0.9394911046387976,0.8063017851767977,0.9713560443125586,1.0,-0.17664033524796333,-0.8107476752800888,0.8759646619155158],[-0.03259523118764615,-0.2310155016375064,0.8589472792572838,0.24120712482537918,0.32289962070790434,-0.08460565018713527,-0.17664033524796333,1.0,0.5586698833945595,-0.2177410198959148],[-0.7320803853970216,-0.711229570387081,0.34658853726322414,0.7396916887536394,-0.38833719816133205,-0.7133561765079713,-0.8107476752800888,0.5586698833945595,1.0,-0.835073830027898],[0.8701951680613789,0.6564292188891458,-0.013422061467713655,-0.8055549419629632,0.6632757892982089,0.8108307969751349,0.8759646619155158,-0.2177410198959148,-0.835073830027898,1.0]],\"type\":\"heatmap\",\"xaxis\":\"x\",\"yaxis\":\"y\",\"hovertemplate\":\"x: %{x}\\u003cbr\\u003ey: %{y}\\u003cbr\\u003ecolor: %{z}\\u003cextra\\u003e\\u003c\\u002fextra\\u003e\"}],                        {\"template\":{\"data\":{\"barpolar\":[{\"marker\":{\"line\":{\"color\":\"rgb(17,17,17)\",\"width\":0.5},\"pattern\":{\"fillmode\":\"overlay\",\"size\":10,\"solidity\":0.2}},\"type\":\"barpolar\"}],\"bar\":[{\"error_x\":{\"color\":\"#f2f5fa\"},\"error_y\":{\"color\":\"#f2f5fa\"},\"marker\":{\"line\":{\"color\":\"rgb(17,17,17)\",\"width\":0.5},\"pattern\":{\"fillmode\":\"overlay\",\"size\":10,\"solidity\":0.2}},\"type\":\"bar\"}],\"carpet\":[{\"aaxis\":{\"endlinecolor\":\"#A2B1C6\",\"gridcolor\":\"#506784\",\"linecolor\":\"#506784\",\"minorgridcolor\":\"#506784\",\"startlinecolor\":\"#A2B1C6\"},\"baxis\":{\"endlinecolor\":\"#A2B1C6\",\"gridcolor\":\"#506784\",\"linecolor\":\"#506784\",\"minorgridcolor\":\"#506784\",\"startlinecolor\":\"#A2B1C6\"},\"type\":\"carpet\"}],\"choropleth\":[{\"colorbar\":{\"outlinewidth\":0,\"ticks\":\"\"},\"type\":\"choropleth\"}],\"contourcarpet\":[{\"colorbar\":{\"outlinewidth\":0,\"ticks\":\"\"},\"type\":\"contourcarpet\"}],\"contour\":[{\"colorbar\":{\"outlinewidth\":0,\"ticks\":\"\"},\"colorscale\":[[0.0,\"#0d0887\"],[0.1111111111111111,\"#46039f\"],[0.2222222222222222,\"#7201a8\"],[0.3333333333333333,\"#9c179e\"],[0.4444444444444444,\"#bd3786\"],[0.5555555555555556,\"#d8576b\"],[0.6666666666666666,\"#ed7953\"],[0.7777777777777778,\"#fb9f3a\"],[0.8888888888888888,\"#fdca26\"],[1.0,\"#f0f921\"]],\"type\":\"contour\"}],\"heatmapgl\":[{\"colorbar\":{\"outlinewidth\":0,\"ticks\":\"\"},\"colorscale\":[[0.0,\"#0d0887\"],[0.1111111111111111,\"#46039f\"],[0.2222222222222222,\"#7201a8\"],[0.3333333333333333,\"#9c179e\"],[0.4444444444444444,\"#bd3786\"],[0.5555555555555556,\"#d8576b\"],[0.6666666666666666,\"#ed7953\"],[0.7777777777777778,\"#fb9f3a\"],[0.8888888888888888,\"#fdca26\"],[1.0,\"#f0f921\"]],\"type\":\"heatmapgl\"}],\"heatmap\":[{\"colorbar\":{\"outlinewidth\":0,\"ticks\":\"\"},\"colorscale\":[[0.0,\"#0d0887\"],[0.1111111111111111,\"#46039f\"],[0.2222222222222222,\"#7201a8\"],[0.3333333333333333,\"#9c179e\"],[0.4444444444444444,\"#bd3786\"],[0.5555555555555556,\"#d8576b\"],[0.6666666666666666,\"#ed7953\"],[0.7777777777777778,\"#fb9f3a\"],[0.8888888888888888,\"#fdca26\"],[1.0,\"#f0f921\"]],\"type\":\"heatmap\"}],\"histogram2dcontour\":[{\"colorbar\":{\"outlinewidth\":0,\"ticks\":\"\"},\"colorscale\":[[0.0,\"#0d0887\"],[0.1111111111111111,\"#46039f\"],[0.2222222222222222,\"#7201a8\"],[0.3333333333333333,\"#9c179e\"],[0.4444444444444444,\"#bd3786\"],[0.5555555555555556,\"#d8576b\"],[0.6666666666666666,\"#ed7953\"],[0.7777777777777778,\"#fb9f3a\"],[0.8888888888888888,\"#fdca26\"],[1.0,\"#f0f921\"]],\"type\":\"histogram2dcontour\"}],\"histogram2d\":[{\"colorbar\":{\"outlinewidth\":0,\"ticks\":\"\"},\"colorscale\":[[0.0,\"#0d0887\"],[0.1111111111111111,\"#46039f\"],[0.2222222222222222,\"#7201a8\"],[0.3333333333333333,\"#9c179e\"],[0.4444444444444444,\"#bd3786\"],[0.5555555555555556,\"#d8576b\"],[0.6666666666666666,\"#ed7953\"],[0.7777777777777778,\"#fb9f3a\"],[0.8888888888888888,\"#fdca26\"],[1.0,\"#f0f921\"]],\"type\":\"histogram2d\"}],\"histogram\":[{\"marker\":{\"pattern\":{\"fillmode\":\"overlay\",\"size\":10,\"solidity\":0.2}},\"type\":\"histogram\"}],\"mesh3d\":[{\"colorbar\":{\"outlinewidth\":0,\"ticks\":\"\"},\"type\":\"mesh3d\"}],\"parcoords\":[{\"line\":{\"colorbar\":{\"outlinewidth\":0,\"ticks\":\"\"}},\"type\":\"parcoords\"}],\"pie\":[{\"automargin\":true,\"type\":\"pie\"}],\"scatter3d\":[{\"line\":{\"colorbar\":{\"outlinewidth\":0,\"ticks\":\"\"}},\"marker\":{\"colorbar\":{\"outlinewidth\":0,\"ticks\":\"\"}},\"type\":\"scatter3d\"}],\"scattercarpet\":[{\"marker\":{\"colorbar\":{\"outlinewidth\":0,\"ticks\":\"\"}},\"type\":\"scattercarpet\"}],\"scattergeo\":[{\"marker\":{\"colorbar\":{\"outlinewidth\":0,\"ticks\":\"\"}},\"type\":\"scattergeo\"}],\"scattergl\":[{\"marker\":{\"line\":{\"color\":\"#283442\"}},\"type\":\"scattergl\"}],\"scattermapbox\":[{\"marker\":{\"colorbar\":{\"outlinewidth\":0,\"ticks\":\"\"}},\"type\":\"scattermapbox\"}],\"scatterpolargl\":[{\"marker\":{\"colorbar\":{\"outlinewidth\":0,\"ticks\":\"\"}},\"type\":\"scatterpolargl\"}],\"scatterpolar\":[{\"marker\":{\"colorbar\":{\"outlinewidth\":0,\"ticks\":\"\"}},\"type\":\"scatterpolar\"}],\"scatter\":[{\"marker\":{\"line\":{\"color\":\"#283442\"}},\"type\":\"scatter\"}],\"scatterternary\":[{\"marker\":{\"colorbar\":{\"outlinewidth\":0,\"ticks\":\"\"}},\"type\":\"scatterternary\"}],\"surface\":[{\"colorbar\":{\"outlinewidth\":0,\"ticks\":\"\"},\"colorscale\":[[0.0,\"#0d0887\"],[0.1111111111111111,\"#46039f\"],[0.2222222222222222,\"#7201a8\"],[0.3333333333333333,\"#9c179e\"],[0.4444444444444444,\"#bd3786\"],[0.5555555555555556,\"#d8576b\"],[0.6666666666666666,\"#ed7953\"],[0.7777777777777778,\"#fb9f3a\"],[0.8888888888888888,\"#fdca26\"],[1.0,\"#f0f921\"]],\"type\":\"surface\"}],\"table\":[{\"cells\":{\"fill\":{\"color\":\"#506784\"},\"line\":{\"color\":\"rgb(17,17,17)\"}},\"header\":{\"fill\":{\"color\":\"#2a3f5f\"},\"line\":{\"color\":\"rgb(17,17,17)\"}},\"type\":\"table\"}]},\"layout\":{\"annotationdefaults\":{\"arrowcolor\":\"#f2f5fa\",\"arrowhead\":0,\"arrowwidth\":1},\"autotypenumbers\":\"strict\",\"coloraxis\":{\"colorbar\":{\"outlinewidth\":0,\"ticks\":\"\"}},\"colorscale\":{\"diverging\":[[0,\"#8e0152\"],[0.1,\"#c51b7d\"],[0.2,\"#de77ae\"],[0.3,\"#f1b6da\"],[0.4,\"#fde0ef\"],[0.5,\"#f7f7f7\"],[0.6,\"#e6f5d0\"],[0.7,\"#b8e186\"],[0.8,\"#7fbc41\"],[0.9,\"#4d9221\"],[1,\"#276419\"]],\"sequential\":[[0.0,\"#0d0887\"],[0.1111111111111111,\"#46039f\"],[0.2222222222222222,\"#7201a8\"],[0.3333333333333333,\"#9c179e\"],[0.4444444444444444,\"#bd3786\"],[0.5555555555555556,\"#d8576b\"],[0.6666666666666666,\"#ed7953\"],[0.7777777777777778,\"#fb9f3a\"],[0.8888888888888888,\"#fdca26\"],[1.0,\"#f0f921\"]],\"sequentialminus\":[[0.0,\"#0d0887\"],[0.1111111111111111,\"#46039f\"],[0.2222222222222222,\"#7201a8\"],[0.3333333333333333,\"#9c179e\"],[0.4444444444444444,\"#bd3786\"],[0.5555555555555556,\"#d8576b\"],[0.6666666666666666,\"#ed7953\"],[0.7777777777777778,\"#fb9f3a\"],[0.8888888888888888,\"#fdca26\"],[1.0,\"#f0f921\"]]},\"colorway\":[\"#636efa\",\"#EF553B\",\"#00cc96\",\"#ab63fa\",\"#FFA15A\",\"#19d3f3\",\"#FF6692\",\"#B6E880\",\"#FF97FF\",\"#FECB52\"],\"font\":{\"color\":\"#f2f5fa\"},\"geo\":{\"bgcolor\":\"rgb(17,17,17)\",\"lakecolor\":\"rgb(17,17,17)\",\"landcolor\":\"rgb(17,17,17)\",\"showlakes\":true,\"showland\":true,\"subunitcolor\":\"#506784\"},\"hoverlabel\":{\"align\":\"left\"},\"hovermode\":\"closest\",\"mapbox\":{\"style\":\"dark\"},\"paper_bgcolor\":\"rgb(17,17,17)\",\"plot_bgcolor\":\"rgb(17,17,17)\",\"polar\":{\"angularaxis\":{\"gridcolor\":\"#506784\",\"linecolor\":\"#506784\",\"ticks\":\"\"},\"bgcolor\":\"rgb(17,17,17)\",\"radialaxis\":{\"gridcolor\":\"#506784\",\"linecolor\":\"#506784\",\"ticks\":\"\"}},\"scene\":{\"xaxis\":{\"backgroundcolor\":\"rgb(17,17,17)\",\"gridcolor\":\"#506784\",\"gridwidth\":2,\"linecolor\":\"#506784\",\"showbackground\":true,\"ticks\":\"\",\"zerolinecolor\":\"#C8D4E3\"},\"yaxis\":{\"backgroundcolor\":\"rgb(17,17,17)\",\"gridcolor\":\"#506784\",\"gridwidth\":2,\"linecolor\":\"#506784\",\"showbackground\":true,\"ticks\":\"\",\"zerolinecolor\":\"#C8D4E3\"},\"zaxis\":{\"backgroundcolor\":\"rgb(17,17,17)\",\"gridcolor\":\"#506784\",\"gridwidth\":2,\"linecolor\":\"#506784\",\"showbackground\":true,\"ticks\":\"\",\"zerolinecolor\":\"#C8D4E3\"}},\"shapedefaults\":{\"line\":{\"color\":\"#f2f5fa\"}},\"sliderdefaults\":{\"bgcolor\":\"#C8D4E3\",\"bordercolor\":\"rgb(17,17,17)\",\"borderwidth\":1,\"tickwidth\":0},\"ternary\":{\"aaxis\":{\"gridcolor\":\"#506784\",\"linecolor\":\"#506784\",\"ticks\":\"\"},\"baxis\":{\"gridcolor\":\"#506784\",\"linecolor\":\"#506784\",\"ticks\":\"\"},\"bgcolor\":\"rgb(17,17,17)\",\"caxis\":{\"gridcolor\":\"#506784\",\"linecolor\":\"#506784\",\"ticks\":\"\"}},\"title\":{\"x\":0.05},\"updatemenudefaults\":{\"bgcolor\":\"#506784\",\"borderwidth\":0},\"xaxis\":{\"automargin\":true,\"gridcolor\":\"#283442\",\"linecolor\":\"#506784\",\"ticks\":\"\",\"title\":{\"standoff\":15},\"zerolinecolor\":\"#283442\",\"zerolinewidth\":2},\"yaxis\":{\"automargin\":true,\"gridcolor\":\"#283442\",\"linecolor\":\"#506784\",\"ticks\":\"\",\"title\":{\"standoff\":15},\"zerolinecolor\":\"#283442\",\"zerolinewidth\":2}}},\"xaxis\":{\"anchor\":\"y\",\"domain\":[0.0,1.0]},\"yaxis\":{\"anchor\":\"x\",\"domain\":[0.0,1.0],\"autorange\":\"reversed\"},\"coloraxis\":{\"colorscale\":[[0.0,\"rgb(5,48,97)\"],[0.1,\"rgb(33,102,172)\"],[0.2,\"rgb(67,147,195)\"],[0.3,\"rgb(146,197,222)\"],[0.4,\"rgb(209,229,240)\"],[0.5,\"rgb(247,247,247)\"],[0.6,\"rgb(253,219,199)\"],[0.7,\"rgb(244,165,130)\"],[0.8,\"rgb(214,96,77)\"],[0.9,\"rgb(178,24,43)\"],[1.0,\"rgb(103,0,31)\"]]},\"title\":{\"text\":\"JEAVILY PROTOCOL: Market Entanglement Map\"},\"font\":{\"family\":\"Courier New, monospace\"},\"margin\":{\"l\":10,\"r\":10,\"t\":50,\"b\":10},\"paper_bgcolor\":\"rgba(0,0,0,0)\"},                        {\"responsive\": true}                    ).then(function(){\n",
              "                            \n",
              "var gd = document.getElementById('b05fc1c3-f776-4b90-8f18-7a321ead8cd9');\n",
              "var x = new MutationObserver(function (mutations, observer) {{\n",
              "        var display = window.getComputedStyle(gd).display;\n",
              "        if (!display || display === 'none') {{\n",
              "            console.log([gd, 'removed!']);\n",
              "            Plotly.purge(gd);\n",
              "            observer.disconnect();\n",
              "        }}\n",
              "}});\n",
              "\n",
              "// Listen for the removal of the full notebook cells\n",
              "var notebookContainer = gd.closest('#notebook-container');\n",
              "if (notebookContainer) {{\n",
              "    x.observe(notebookContainer, {childList: true});\n",
              "}}\n",
              "\n",
              "// Listen for the clearing of the current output cell\n",
              "var outputEl = gd.closest('.output');\n",
              "if (outputEl) {{\n",
              "    x.observe(outputEl, {childList: true});\n",
              "}}\n",
              "\n",
              "                        })                };                            </script>        </div>\n",
              "</body>\n",
              "</html>"
            ]
          },
          "metadata": {}
        },
        {
          "output_type": "display_data",
          "data": {
            "text/html": [
              "<html>\n",
              "<head><meta charset=\"utf-8\" /></head>\n",
              "<body>\n",
              "    <div>            <script src=\"https://cdnjs.cloudflare.com/ajax/libs/mathjax/2.7.5/MathJax.js?config=TeX-AMS-MML_SVG\"></script><script type=\"text/javascript\">if (window.MathJax && window.MathJax.Hub && window.MathJax.Hub.Config) {window.MathJax.Hub.Config({SVG: {font: \"STIX-Web\"}});}</script>                <script type=\"text/javascript\">window.PlotlyConfig = {MathJaxConfig: 'local'};</script>\n",
